0 0.402344 0.673438 0.073438 0.066406
0 0.489063 0.495312 0.073438 0.088281
0 0.541406 0.582031 0.081250 0.067187
0 0.753125 0.311719 0.054688 0.047656
0 0.574219 0.850000 0.054688 0.058594
0 0.561719 0.665625 0.041406 0.057031
0 0.474219 0.658594 0.043750 0.048438
0 0.402344 0.433594 0.042188 0.054688
0 0.586719 0.289062 0.043750 0.064062
0 0.645312 0.345313 0.042188 0.064844
0 0.687500 0.917969 0.039844 0.049219
0 0.682813 0.737500 0.042969 0.098437
0 0.684375 0.834375 0.039062 0.049219
0 0.534375 0.786719 0.053906 0.064844
0 0.450781 0.817969 0.103125 0.092969
0 0.602344 0.512500 0.035937 0.042969
0 0.369531 0.724219 0.039062 0.044531
