0 0.805469 0.469531 0.038281 0.058594
0 0.617188 0.456250 0.031250 0.053125
0 0.643750 0.184375 0.040625 0.055469
0 0.522656 0.107031 0.040625 0.075000
0 0.480469 0.557813 0.046094 0.067187
0 0.438281 0.582812 0.038281 0.106250
0 0.481250 0.720313 0.046875 0.047656
0 0.367188 0.735938 0.041406 0.050781
0 0.624219 0.849219 0.042188 0.061719
0 0.726562 0.926562 0.040625 0.084375
0 0.714063 0.680469 0.040625 0.064062
0 0.634375 0.629687 0.087500 0.080469
0 0.727344 0.423438 0.054688 0.102344
0 0.664062 0.455469 0.035937 0.063281
0 0.648438 0.520312 0.046094 0.060156
0 0.499219 0.764844 0.068750 0.050000
0 0.374219 0.583594 0.053125 0.067969
0 0.389844 0.480469 0.046094 0.077344
0 0.736719 0.182812 0.042969 0.061719
0 0.739844 0.236719 0.039062 0.057031
0 0.416406 0.734375 0.047656 0.057031
0 0.522656 0.592187 0.030469 0.058594
0 0.721875 0.620313 0.043750 0.065625
