0 0.633594 0.117188 0.057813 0.109375
0 0.752344 0.084375 0.048438 0.100781
0 0.876563 0.092969 0.040625 0.065625
0 0.685156 0.229687 0.065625 0.128906
0 0.820312 0.535156 0.051562 0.080469
0 0.578906 0.645312 0.089844 0.103906
0 0.669531 0.821094 0.052344 0.083594
0 0.726562 0.729688 0.075000 0.114844
0 0.840625 0.865625 0.060156 0.112500
0 0.669531 0.920312 0.058594 0.093750
0 0.672656 0.981250 0.070312 0.037500
0 0.566406 0.891406 0.061719 0.099219
0 0.499219 0.871875 0.084375 0.128906
0 0.532031 0.968750 0.060937 0.061719
0 0.483594 0.678125 0.071875 0.105469
0 0.438281 0.439844 0.042969 0.107813
0 0.248438 0.147656 0.064844 0.099219
0 0.387500 0.108594 0.065625 0.128125
0 0.317188 0.780469 0.066406 0.104688
0 0.744531 0.922656 0.057813 0.153906
0 0.807813 0.655469 0.056250 0.107813
0 0.696094 0.608594 0.067969 0.103125
0 0.503125 0.105469 0.064062 0.099219
0 0.206250 0.725000 0.039844 0.084375
0 0.245312 0.776563 0.048438 0.079687
0 0.218750 0.860156 0.051562 0.078125
