0 0.460938 0.540625 0.078906 0.109375
0 0.173437 0.372656 0.176563 0.210938
0 0.050000 0.392188 0.100000 0.164844
0 0.483594 0.145313 0.146094 0.175781
0 0.415625 0.292187 0.144531 0.128906
0 0.751563 0.725781 0.086719 0.142187
0 0.408594 0.646875 0.109375 0.114844
0 0.305469 0.887500 0.154688 0.225000
0 0.627344 0.929688 0.164062 0.139844
0 0.650000 0.775000 0.152344 0.153906
0 0.932031 0.395313 0.135937 0.150000
0 0.914844 0.148438 0.117188 0.161719
0 0.901563 0.945312 0.093750 0.109375
0 0.101562 0.110937 0.128906 0.156250
0 0.126562 0.923438 0.112500 0.153125
0 0.347656 0.414844 0.129688 0.151562
