0 0.292969 0.706250 0.045312 0.089063
0 0.325000 0.754687 0.042188 0.055469
0 0.294531 0.960156 0.039062 0.079687
0 0.792969 0.561719 0.035937 0.072656
0 0.794531 0.646094 0.040625 0.041406
0 0.717187 0.587500 0.053125 0.050000
0 0.692187 0.475000 0.045312 0.089063
0 0.767188 0.450781 0.087500 0.079687
0 0.782813 0.371094 0.088281 0.074219
0 0.753125 0.282813 0.050000 0.064062
0 0.814063 0.290625 0.042969 0.071875
0 0.843750 0.167187 0.066406 0.184375
0 0.729688 0.111719 0.069531 0.050781
0 0.221875 0.427344 0.077344 0.096875
0 0.082812 0.343750 0.053906 0.089844
0 0.023438 0.214062 0.046094 0.109375
0 0.090625 0.223438 0.079687 0.107813
0 0.059375 0.113281 0.055469 0.131250
0 0.153906 0.107813 0.102344 0.096875
0 0.153906 0.446094 0.040625 0.086719
0 0.856250 0.418750 0.055469 0.082812
0 0.887500 0.310937 0.082812 0.146094
