0 0.289062 0.157812 0.043750 0.060937
0 0.286719 0.241406 0.031250 0.081250
0 0.483594 0.175000 0.043750 0.075781
0 0.317969 0.549219 0.046094 0.073438
0 0.385156 0.467969 0.046094 0.084375
0 0.660156 0.336719 0.037500 0.111719
0 0.654687 0.473438 0.039062 0.078125
0 0.702344 0.675781 0.043750 0.093750
0 0.857031 0.776563 0.039844 0.085938
0 0.682031 0.847656 0.047656 0.055469
0 0.428906 0.765625 0.040625 0.060937
0 0.467187 0.705469 0.038281 0.067969
0 0.410156 0.807031 0.039062 0.058594
0 0.261719 0.781250 0.032031 0.060937
0 0.314063 0.288281 0.027344 0.066406
0 0.910156 0.562500 0.035156 0.067187
0 0.760938 0.694531 0.042969 0.100781
