0 0.520312 0.117969 0.040625 0.080469
0 0.770312 0.246875 0.038281 0.062500
0 0.721875 0.203125 0.059375 0.079687
0 0.939063 0.324219 0.039844 0.079687
0 0.547656 0.481250 0.082812 0.071094
0 0.429688 0.644531 0.068750 0.075781
0 0.392969 0.579688 0.060937 0.067969
0 0.082812 0.628906 0.048438 0.067969
0 0.079687 0.056250 0.036719 0.053906
0 0.267188 0.418750 0.065625 0.082031
0 0.350781 0.421875 0.061719 0.079687
0 0.450781 0.375781 0.045312 0.063281
0 0.528125 0.283594 0.048438 0.065625
0 0.621094 0.743750 0.050781 0.067969
0 0.492969 0.746094 0.063281 0.073438
0 0.453906 0.864062 0.055469 0.094531
0 0.725000 0.893750 0.049219 0.053125
0 0.839844 0.826562 0.032813 0.053906
0 0.401562 0.251563 0.045312 0.065625
0 0.430469 0.166406 0.046875 0.064062
0 0.373437 0.067969 0.035937 0.053125
0 0.493750 0.571094 0.052344 0.107813
0 0.170313 0.661719 0.039844 0.054688
0 0.194531 0.703906 0.057031 0.071875
0 0.231250 0.642969 0.040625 0.060937
0 0.310937 0.545312 0.059375 0.076563
0 0.339062 0.761719 0.041406 0.065625
0 0.478125 0.114844 0.039062 0.064844
