0 0.721094 0.101562 0.066406 0.071875
0 0.601562 0.341406 0.039844 0.062500
0 0.541406 0.637500 0.071094 0.103906
0 0.846875 0.575781 0.085156 0.134375
0 0.603125 0.738281 0.092969 0.083594
0 0.314844 0.839844 0.063281 0.089844
0 0.442188 0.845313 0.046875 0.069531
0 0.475781 0.442188 0.044531 0.053906
0 0.710156 0.566406 0.046094 0.061719
0 0.794531 0.724219 0.038281 0.089844
0 0.928125 0.239844 0.048438 0.067969
0 0.609375 0.466406 0.045312 0.105469
0 0.877344 0.372656 0.057813 0.079687
0 0.683594 0.412500 0.058594 0.072656
0 0.742188 0.639062 0.040625 0.058594
0 0.614844 0.638281 0.060937 0.109375
0 0.592187 0.943750 0.088281 0.110937
0 0.675781 0.889844 0.082812 0.084375
0 0.400781 0.750781 0.077344 0.107813
