0 0.785937 0.079687 0.042969 0.042969
0 0.755469 0.588281 0.043750 0.043750
0 0.660937 0.719531 0.046094 0.046875
0 0.449219 0.683594 0.089063 0.056250
0 0.568750 0.592187 0.096094 0.067969
0 0.410156 0.453125 0.064844 0.058594
0 0.569531 0.229687 0.063281 0.047656
0 0.628125 0.077344 0.037500 0.035937
0 0.748437 0.130469 0.048438 0.046094
0 0.741406 0.857031 0.055469 0.044531
0 0.424219 0.744531 0.071875 0.053906
0 0.281250 0.794531 0.058594 0.051562
0 0.153125 0.821094 0.060937 0.056250
0 0.216406 0.567187 0.053125 0.050000
0 0.982812 0.389844 0.033594 0.052344
0 0.478125 0.559375 0.056250 0.066406
0 0.252344 0.651563 0.064844 0.062500
0 0.326562 0.245312 0.055469 0.038281
0 0.708594 0.319531 0.052344 0.046875
0 0.155469 0.900781 0.046094 0.043750
0 0.219531 0.878125 0.046875 0.048438
0 0.060156 0.834375 0.081250 0.080469
0 0.238281 0.944531 0.064844 0.058594
0 0.293750 0.889844 0.067187 0.056250
0 0.552344 0.953906 0.053906 0.046875
0 0.958594 0.671094 0.053906 0.039062
0 0.871875 0.810156 0.046875 0.045312
