0 0.113281 0.514062 0.080469 0.073438
0 0.137500 0.650000 0.101562 0.104688
0 0.254688 0.817187 0.100000 0.071094
0 0.061719 0.857031 0.123438 0.114062
0 0.142187 0.961719 0.115625 0.075781
0 0.288281 0.539844 0.199219 0.168750
0 0.042969 0.339844 0.085938 0.178125
0 0.038281 0.125781 0.076563 0.095312
0 0.246094 0.027344 0.154688 0.054688
0 0.405469 0.087500 0.170313 0.146875
0 0.834375 0.270313 0.222656 0.175000
0 0.926562 0.386719 0.111719 0.089844
0 0.904687 0.568750 0.117188 0.115625
0 0.781250 0.570312 0.085938 0.094531
0 0.910937 0.714063 0.178125 0.151562
0 0.647656 0.449219 0.139844 0.153906
0 0.490625 0.504687 0.189844 0.153125
0 0.456250 0.348438 0.164844 0.102344
0 0.303125 0.251563 0.121094 0.088281
0 0.484375 0.218750 0.125781 0.111719
0 0.570312 0.072656 0.094531 0.100000
0 0.226562 0.125781 0.130469 0.128906
0 0.713281 0.150781 0.093750 0.067969
0 0.475781 0.711719 0.342187 0.233594
0 0.840625 0.864062 0.102344 0.096094
