0 0.510156 0.060156 0.057031 0.074219
0 0.569531 0.236719 0.054688 0.081250
0 0.621094 0.308594 0.039062 0.059375
0 0.628125 0.382031 0.049219 0.068750
0 0.548438 0.335938 0.052344 0.106250
0 0.458594 0.777344 0.051562 0.075000
0 0.393750 0.678125 0.042969 0.067969
0 0.191406 0.510938 0.059375 0.071875
0 0.604688 0.586719 0.068750 0.081250
0 0.516406 0.585938 0.036719 0.064062
0 0.323437 0.782031 0.039062 0.064062
0 0.378125 0.779687 0.055469 0.075781
0 0.143750 0.860156 0.037500 0.069531
0 0.696094 0.646875 0.038281 0.071875
0 0.448437 0.689844 0.062500 0.107813
