0 0.271875 0.401562 0.066406 0.130469
0 0.467969 0.431250 0.068750 0.089844
0 0.796094 0.497656 0.085156 0.128906
0 0.933594 0.352344 0.132812 0.387500
0 0.938281 0.601562 0.084375 0.093750
0 0.759375 0.940625 0.143750 0.118750
0 0.568750 0.953906 0.062500 0.091406
0 0.343750 0.675781 0.092188 0.171875
0 0.454688 0.692969 0.103906 0.157031
0 0.596875 0.805469 0.101562 0.183594
0 0.681250 0.360156 0.079687 0.105469
0 0.557031 0.392188 0.073438 0.147656
0 0.635156 0.501563 0.069531 0.092969
0 0.200000 0.657813 0.104688 0.215625
0 0.194531 0.378906 0.079687 0.147656
0 0.137500 0.242188 0.085938 0.117969
0 0.041406 0.161719 0.082812 0.243750
0 0.069531 0.400000 0.139063 0.237500
0 0.073438 0.588281 0.146875 0.164844
0 0.167187 0.500000 0.057031 0.080469
0 0.362500 0.337500 0.044531 0.064844
0 0.864844 0.639844 0.041406 0.122656
0 0.718750 0.496875 0.069531 0.132031
0 0.832812 0.137500 0.068750 0.107031
