0 0.487500 0.208594 0.048438 0.076563
0 0.570312 0.227344 0.046875 0.121094
0 0.587500 0.400781 0.049219 0.079687
0 0.625781 0.204687 0.047656 0.072656
0 0.635938 0.278906 0.059375 0.076563
0 0.406250 0.142969 0.082031 0.107813
0 0.470313 0.682031 0.055469 0.064844
0 0.725000 0.122656 0.035937 0.053906
0 0.745313 0.389062 0.042969 0.075000
0 0.792188 0.450000 0.048438 0.075781
0 0.786719 0.368750 0.041406 0.078906
0 0.936719 0.361719 0.041406 0.066406
0 0.815625 0.682031 0.037500 0.064844
0 0.646094 0.797656 0.092969 0.082812
0 0.569531 0.903125 0.055469 0.057813
0 0.200000 0.567187 0.057031 0.085156
0 0.910937 0.733594 0.033594 0.058594
0 0.864062 0.379688 0.059375 0.105469
0 0.851562 0.878125 0.044531 0.071094
0 0.266406 0.158594 0.029687 0.046875
0 0.960156 0.785937 0.043750 0.075000
