0 0.499219 0.672656 0.052344 0.064844
0 0.616406 0.755469 0.062500 0.081250
0 0.528906 0.796094 0.054688 0.082031
0 0.581250 0.878906 0.060156 0.060937
0 0.794531 0.671875 0.070312 0.110156
0 0.886719 0.690625 0.063281 0.074219
0 0.885156 0.784375 0.055469 0.096094
0 0.802344 0.814063 0.070312 0.134375
0 0.135156 0.131250 0.052344 0.079687
0 0.292187 0.083594 0.051562 0.067969
0 0.120313 0.026562 0.071875 0.052344
0 0.227344 0.132031 0.071094 0.055469
0 0.163281 0.217969 0.048438 0.066406
0 0.386719 0.553906 0.085938 0.136719
0 0.581250 0.660156 0.066406 0.069531
0 0.944531 0.192969 0.039844 0.063281
