0 0.404687 0.053906 0.035156 0.049219
0 0.479687 0.152344 0.035937 0.059375
0 0.437500 0.199219 0.029687 0.045312
0 0.394531 0.296094 0.028906 0.042969
0 0.436719 0.353125 0.042188 0.074219
0 0.572656 0.435156 0.055469 0.071875
0 0.741406 0.271094 0.045312 0.060156
0 0.720313 0.210156 0.035156 0.052344
0 0.867188 0.218750 0.038281 0.054688
0 0.928906 0.185938 0.034375 0.057813
0 0.969531 0.374219 0.022656 0.062500
0 0.885938 0.415625 0.053906 0.087500
0 0.789062 0.336719 0.034375 0.057813
0 0.842187 0.125000 0.020313 0.039062
0 0.703906 0.822656 0.042969 0.054688
0 0.725781 0.925000 0.044531 0.053125
0 0.839844 0.820312 0.028906 0.043750
0 0.939844 0.884375 0.039844 0.055469
0 0.882031 0.945312 0.045312 0.046875
0 0.919531 0.640625 0.046094 0.084375
0 0.792188 0.592187 0.030469 0.066406
0 0.788281 0.671094 0.026562 0.045312
0 0.767188 0.689063 0.027344 0.049219
0 0.762500 0.738281 0.029687 0.050781
0 0.708594 0.747656 0.028125 0.042188
0 0.853125 0.575781 0.025000 0.041406
0 0.839063 0.885938 0.042969 0.056250
0 0.881250 0.846875 0.037500 0.057031
