0 0.201563 0.408594 0.046875 0.075000
0 0.284375 0.361719 0.047656 0.066406
0 0.390625 0.404687 0.046094 0.100781
0 0.221094 0.564844 0.047656 0.078125
0 0.112500 0.485156 0.040625 0.074219
0 0.268750 0.709375 0.048438 0.075000
0 0.362500 0.929688 0.044531 0.089844
0 0.428906 0.943750 0.053906 0.079687
0 0.525000 0.864844 0.048438 0.077344
0 0.863281 0.814063 0.070312 0.072656
0 0.912500 0.667969 0.054688 0.078906
0 0.601562 0.046094 0.039062 0.058594
0 0.282813 0.142969 0.035156 0.065625
0 0.366406 0.628906 0.048438 0.076563
0 0.467969 0.361719 0.041406 0.065625
0 0.668750 0.401562 0.043750 0.064062
0 0.975000 0.157031 0.034375 0.057813
0 0.714844 0.155469 0.068750 0.150781
0 0.586719 0.458594 0.065625 0.064844
0 0.685156 0.797656 0.060156 0.064062
0 0.978125 0.055469 0.042969 0.077344
0 0.759375 0.239063 0.048438 0.056250
0 0.941406 0.914062 0.046094 0.062500
0 0.694531 0.914844 0.052344 0.061719
0 0.521094 0.630469 0.078125 0.129688
0 0.406250 0.088281 0.062500 0.075000
