0 0.400000 0.241406 0.083594 0.046094
0 0.345313 0.452344 0.112500 0.060156
0 0.574219 0.463281 0.092188 0.051562
0 0.567969 0.406250 0.078906 0.049219
0 0.839063 0.407031 0.074219 0.053906
0 0.667969 0.625000 0.131250 0.039062
0 0.559375 0.612500 0.091406 0.056250
0 0.256250 0.721875 0.092969 0.060937
0 0.429688 0.692969 0.125781 0.080469
0 0.582812 0.739844 0.155469 0.098437
0 0.642188 0.561719 0.080469 0.053906
0 0.751563 0.568750 0.110937 0.064844
0 0.928906 0.645312 0.082812 0.051562
0 0.649219 0.152344 0.089063 0.052344
0 0.550781 0.203125 0.067969 0.042188
0 0.096875 0.185156 0.071875 0.042969
0 0.311719 0.296875 0.110156 0.057813
0 0.264062 0.400000 0.071094 0.046875
0 0.177344 0.725000 0.072656 0.108594
0 0.517969 0.834375 0.070312 0.050000
0 0.429688 0.837500 0.121875 0.096875
0 0.526563 0.900000 0.062500 0.044531
0 0.916406 0.510938 0.082812 0.076563
0 0.654687 0.837500 0.132812 0.081250
