0 0.417187 0.229687 0.039062 0.075781
0 0.813281 0.348438 0.033594 0.065625
0 0.710156 0.456250 0.036719 0.075000
0 0.760156 0.458594 0.034375 0.083594
0 0.609375 0.733594 0.056250 0.078125
0 0.688281 0.777344 0.032813 0.060156
0 0.705469 0.625781 0.050000 0.056250
0 0.626563 0.543750 0.035156 0.067969
0 0.679688 0.711719 0.040625 0.086719
0 0.645312 0.772656 0.033594 0.059375
0 0.162500 0.460938 0.057813 0.084375
0 0.235156 0.403125 0.057031 0.064844
0 0.653906 0.429688 0.036719 0.070312
0 0.769531 0.550000 0.041406 0.082031
0 0.455469 0.074219 0.032031 0.056250
0 0.564844 0.491406 0.087500 0.069531
0 0.187500 0.591406 0.032031 0.058594
0 0.204687 0.176563 0.028125 0.053125
