0 0.298438 0.747656 0.055469 0.102344
0 0.700000 0.839063 0.145313 0.142969
0 0.779687 0.637500 0.098437 0.217188
0 0.814844 0.437500 0.089063 0.125000
0 0.399219 0.046875 0.070312 0.093750
0 0.434375 0.214844 0.120313 0.126562
0 0.689844 0.391406 0.079687 0.150781
0 0.493750 0.739062 0.105469 0.140625
0 0.575000 0.858594 0.057031 0.102344
0 0.531250 0.579688 0.085156 0.100781
0 0.607812 0.566406 0.077344 0.260156
0 0.376563 0.812500 0.100000 0.225781
0 0.461719 0.909375 0.088281 0.137500
0 0.703906 0.529687 0.065625 0.112500
