0 0.432031 0.110937 0.034375 0.050000
0 0.363281 0.150000 0.028906 0.041406
0 0.515625 0.162500 0.032031 0.039062
0 0.746875 0.199219 0.031250 0.042188
0 0.871094 0.311719 0.027344 0.042969
0 0.925000 0.550000 0.052344 0.121094
0 0.298438 0.312500 0.036719 0.056250
0 0.240625 0.145313 0.051562 0.064062
0 0.374219 0.053125 0.028906 0.045312
0 0.814063 0.357812 0.050781 0.114844
0 0.746875 0.262500 0.071094 0.051562
0 0.728125 0.642188 0.038281 0.050000
0 0.526563 0.242188 0.051562 0.062500
0 0.352344 0.418750 0.086719 0.128125
