0 0.250000 0.358594 0.046875 0.071875
0 0.353906 0.185938 0.064062 0.052344
0 0.479687 0.245312 0.044531 0.054688
0 0.507031 0.342187 0.033594 0.067969
0 0.553125 0.194531 0.044531 0.065625
0 0.640625 0.307031 0.028125 0.053906
0 0.549219 0.359375 0.034375 0.047656
0 0.428906 0.585938 0.032031 0.046875
0 0.450781 0.552344 0.037500 0.035937
0 0.767969 0.096875 0.036719 0.058594
0 0.683594 0.321094 0.025781 0.065625
0 0.627344 0.691406 0.029687 0.057031
0 0.685937 0.682031 0.032813 0.047656
0 0.554688 0.888281 0.042188 0.046094
0 0.621094 0.897656 0.026562 0.032813
0 0.718750 0.965625 0.050781 0.067969
0 0.584375 0.977344 0.033594 0.045312
0 0.327344 0.346875 0.025000 0.035937
