0 0.421094 0.460156 0.040625 0.061719
0 0.303906 0.568750 0.042969 0.090625
0 0.298438 0.685156 0.039844 0.059375
0 0.564063 0.438281 0.067969 0.093750
0 0.625000 0.321094 0.045312 0.079687
0 0.554688 0.160156 0.038281 0.053125
0 0.464844 0.142187 0.042969 0.060156
0 0.528906 0.126562 0.025000 0.043750
0 0.561719 0.223438 0.039844 0.050000
0 0.511719 0.600000 0.052344 0.098437
0 0.616406 0.564844 0.077344 0.100781
0 0.470313 0.672656 0.044531 0.057813
0 0.436719 0.623437 0.038281 0.051562
0 0.551562 0.544531 0.029687 0.047656
0 0.539844 0.284375 0.031250 0.049219
0 0.507812 0.386719 0.046094 0.060156
0 0.905469 0.422656 0.031250 0.064062
0 0.589063 0.357812 0.035937 0.050000
