0 0.406250 0.352344 0.110156 0.153125
0 0.651563 0.400000 0.075000 0.085156
0 0.194531 0.237500 0.077344 0.104688
0 0.153906 0.385937 0.093750 0.096094
0 0.203125 0.465625 0.075781 0.092969
0 0.322656 0.212500 0.067187 0.155469
0 0.517188 0.345313 0.050781 0.079687
0 0.650781 0.487500 0.065625 0.078125
0 0.581250 0.660937 0.042188 0.097656
0 0.647656 0.653906 0.047656 0.093750
0 0.662500 0.751563 0.046875 0.057031
0 0.429688 0.684375 0.077344 0.121094
0 0.260937 0.661719 0.078125 0.135937
0 0.366406 0.485938 0.041406 0.064844
0 0.491406 0.519531 0.096094 0.093750
0 0.496094 0.421094 0.078125 0.092969
