0 0.333594 0.207031 0.036719 0.055469
0 0.456250 0.207813 0.033594 0.052344
0 0.342187 0.646875 0.034375 0.048438
0 0.514844 0.571875 0.053125 0.089844
0 0.570312 0.398438 0.036719 0.058594
0 0.617188 0.658594 0.031250 0.051562
0 0.932031 0.362500 0.028125 0.044531
0 0.589063 0.710938 0.028906 0.042969
0 0.514844 0.705469 0.031250 0.035156
0 0.223438 0.789844 0.035937 0.042969
0 0.239844 0.915625 0.027344 0.039844
0 0.432812 0.887500 0.045312 0.053906
0 0.477344 0.811719 0.035937 0.045312
0 0.463281 0.773438 0.053125 0.063281
