0 0.170313 0.452344 0.039062 0.064062
0 0.340625 0.672656 0.036719 0.056250
0 0.756250 0.181250 0.055469 0.107813
0 0.925000 0.399219 0.030469 0.055469
0 0.921875 0.306250 0.045312 0.103125
0 0.852344 0.541406 0.039062 0.066406
0 0.715625 0.675000 0.045312 0.073438
0 0.678906 0.720313 0.033594 0.076563
0 0.784375 0.725000 0.047656 0.075000
0 0.898438 0.732031 0.038281 0.083594
0 0.758594 0.907813 0.036719 0.071875
0 0.781250 0.611719 0.057031 0.065625
0 0.771094 0.423438 0.046875 0.082031
0 0.923438 0.609375 0.042188 0.093750
0 0.628125 0.569531 0.036719 0.062500
0 0.673438 0.565625 0.046094 0.054688
0 0.317969 0.560937 0.053906 0.044531
